# Ma (GeV) qsi -- from https://journals.aps.org/prd/pdf/10.1103/PhysRevD.109.032002
4.07001021e-2 1.54029888e+0
4.30549853e-2 1.36270521e+0
4.55462411e-2 1.21960389e+0
4.81816719e-2 1.09405633e+0
5.06834872e-2 9.74647832e-1
5.33152366e-2 8.70281500e-1
5.64000834e-2 7.73507726e-1
5.96636738e-2 7.00328041e-1
6.31182843e-2 7.36882120e-1
6.67734520e-2 8.02702175e-1
7.06398034e-2 8.48513842e-1
7.47280083e-2 7.97186075e-1
7.90527718e-2 7.47233754e-1
8.26910445e-2 6.70826644e-1
8.55287667e-2 6.04554872e-1
8.89628937e-2 5.39088873e-1
9.35823206e-2 4.81640942e-1
9.89979851e-2 4.46272579e-1
1.04142651e-1 4.74749829e-1
1.09555687e-1 5.25895356e-1
1.15897642e-1 5.23479851e-1
1.22605941e-1 5.06818748e-1
1.29701632e-1 4.76160586e-1
1.33399087e-1 4.19312740e-1
1.37202311e-1 3.73544756e-1
1.40587525e-1 3.53932010e-1
1.43848824e-1 4.35124489e-1
1.48699749e-1 5.27517657e-1
1.50145740e-1 6.01422000e-1
1.54422243e-1 4.76189898e-1
1.55289188e-1 4.19335222e-1
1.58811383e-1 2.93052644e-1
1.59415771e-1 3.59444961e-1
1.60612575e-1 3.23682435e-1
1.65204299e-1 4.02717892e-1
1.66609412e-1 4.55124548e-1
1.69929439e-1 5.29433299e-1
1.78756787e-1 5.17842154e-1
1.83851947e-1 4.48179570e-1
1.90160973e-1 4.01575761e-1
1.99765880e-1 4.66022820e-1
2.00051827e-1 5.16368398e-1
2.05753149e-1 4.39222270e-1
2.08074427e-1 3.74680813e-1
2.17652138e-1 3.46163714e-1
2.30250479e-1 3.37478590e-1
2.43577791e-1 3.27493679e-1
2.57677193e-1 3.21498973e-1
2.72593745e-1 3.20762965e-1
2.85153160e-1 3.55387003e-1
2.98293498e-1 4.07014097e-1
3.15565779e-1 4.32236992e-1
3.31965828e-1 4.65433370e-1
3.49220597e-1 5.16469919e-1
3.68387877e-1 4.54813688e-1
3.77830713e-1 4.27626116e-1
3.86445504e-1 4.96966728e-1
3.90829903e-1 5.57864548e-1
4.04260415e-1 6.12862499e-1
4.25257622e-1 5.81473509e-1
4.34927293e-1 5.18004650e-1
4.46068737e-1 4.54844396e-1
4.57505582e-1 4.39346136e-1
4.83992978e-1 4.50670753e-1
5.06267237e-1 4.02101671e-1
5.29573796e-1 3.80698858e-1
5.60247246e-1 4.34328057e-1
5.92692625e-1 4.78623786e-1
6.27017333e-1 5.28657826e-1
6.50990277e-1 5.36875656e-1
6.63298984e-1 4.76434867e-1
6.78378456e-1 4.16653760e-1
7.18999672e-1 4.24439870e-1
7.52602478e-1 4.85100518e-1
7.83512898e-1 4.48668114e-1
8.12273788e-1 5.19618227e-1
8.21530364e-1 7.25151321e-1
8.22822672e-1 6.19529005e-1
8.40176527e-1 5.41077475e-1
8.55389255e-1 4.09999072e-1
8.56058526e-1 4.71001900e-1
8.68962988e-1 3.86977243e-1
9.07323766e-1 4.90457607e-1
9.11049617e-1 4.32398727e-1
9.24453033e-1 3.84755579e-1
9.40218874e-1 4.34407410e-1
9.56267938e-1 5.23667998e-1
9.65259186e-1 4.78337417e-1
1.00594266e+0 5.10725084e-1
1.02887882e+0 5.93540395e-1
1.08231443e+0 5.53781199e-1
1.14065944e+0 5.09764733e-1
1.17765442e+0 5.77773620e-1
1.18766837e+0 6.47324532e-1
1.21465313e+0 5.34928786e-1
1.25640061e+0 6.02220953e-1
1.28854941e+0 4.67814138e-1
1.29066107e+0 5.32296798e-1
1.30320516e+0 5.93589898e-1
1.34029581e+0 4.29468764e-1
1.36096584e+0 4.88506965e-1
1.40993746e+0 4.42920659e-1
1.44749837e+0 5.03948692e-1
1.45610865e+0 5.87760870e-1
1.53704643e+0 5.01055155e-1
1.54867345e+0 5.77829458e-1
1.63835148e+0 6.20532883e-1
1.72117656e+0 6.46874979e-1
1.72661780e+0 4.99148802e-1
1.72665528e+0 5.48774355e-1
1.78593189e+0 5.22775345e-1
1.82322258e+0 5.98252615e-1
1.88942373e+0 6.67697587e-1
1.94879334e+0 6.30816462e-1
2.02472696e+0 7.43164420e-1
2.02711141e+0 6.54973857e-1
2.07517204e+0 6.11093584e-1
2.13851982e+0 7.81244080e-1
2.14447889e+0 6.82028454e-1
2.16260813e+0 6.17017325e-1
2.25139452e+0 7.28610632e-1
2.25599740e+0 8.39788185e-1
2.31363925e+0 5.56068065e-1
2.32349982e+0 6.40036783e-1
2.37982295e+0 7.43820668e-1
2.39719100e+0 8.70875591e-1
2.40669567e+0 6.62628698e-1
2.44790335e+0 1.00111933e+0
2.54261265e+0 8.94948274e-1
2.60198169e+0 7.78400735e-1
2.60400418e+0 6.92001780e-1
2.69739738e+0 9.18548153e-1
2.76262311e+0 8.27800798e-1
2.80189869e+0 1.01985517e+0
2.84632290e+0 9.08534012e-1
2.92417731e+0 8.07498287e-1
2.96412628e+0 1.06320993e+0
2.97535381e+0 1.20643696e+0
2.98077199e+0 9.42783936e-1
2.99740061e+0 7.11640034e-1
3.04215117e+0 9.33105386e+1
3.15989610e+0 9.33117889e+1
3.20704852e+0 9.87423082e-1
3.20715679e+0 1.14421576e+0
3.24329654e+0 9.21266257e-1
3.39262077e+0 8.89881435e-1
3.39270700e+0 9.94314751e-1
3.40602775e+0 1.53425377e+0
3.51529506e+0 1.13775889e+0
3.56060486e+0 2.17940891e+0
3.58283813e+0 1.38273549e+0
3.65178772e+0 1.91375039e+0
3.65505133e+0 9.45375959e+1
3.76980339e+0 3.86153174e+0
3.77256581e+0 9.45386515e+1
3.89367259e+0 6.02083387e+0
3.91794735e+0 6.70801980e+0
3.92907708e+0 7.41340163e+0
4.01833921e+0 6.06280300e+0
4.06412635e+0 8.41216411e+0
4.08685269e+0 6.72753238e+0
4.08695007e+0 7.46509862e+0
4.10097506e+0 9.25566348e+0
4.12578515e+0 1.04984740e+1
4.28788953e+0 1.51098866e+1
4.32055726e+0 1.22716474e+1
4.33593770e+0 9.27190749e+0
4.34808903e+0 8.67570305e+0
4.34828803e+0 1.05944518e+1
4.36079684e+0 1.36960087e+1
4.51720828e+0 1.83645892e+1
4.56176803e+0 1.59630385e+1
4.60035616e+0 1.47649520e+1
4.75836592e+0 1.51104417e+1
4.75863049e+0 1.92617872e+1
4.82050034e+0 2.44728021e+1
4.82616083e+0 2.12504682e+1
4.83561706e+0 1.69061637e+1
4.92242842e+0 2.69327661e+1
4.92255353e+0 3.00934996e+1
4.97776157e+0 1.92620932e+1
5.01533627e+0 2.07251551e+1
5.11287464e+0 2.40278300e+1
5.17814706e+0 2.66237206e+1
5.23269495e+0 3.00842113e+1
5.26619846e+0 2.42723348e+1
5.38657790e+0 3.61662980e+1
5.50942099e+0 4.28896103e+1
5.59291821e+0 4.99402492e+1
5.82843577e+0 4.55211875e+1
5.87253702e+0 5.29634629e+1
5.99531308e+0 6.79061243e+1
6.00640561e+0 6.02609789e+1
6.09755050e+0 7.62274263e+1
6.20151221e+0 8.44222523e+1
