# mX (MeV) BR_limit_90CL  --- https://arxiv.org/abs/hep-ph/9811333
1.02950085e+2 6.87330988e-4
1.02957340e+2 6.67660144e-4
1.02968217e+2 6.32580472e-4
1.02979094e+2 5.96845105e-4
1.02989978e+2 5.70617313e-4
1.03000874e+2 5.59470501e-4
1.03011789e+2 5.72912244e-4
1.03022717e+2 6.04057748e-4
1.03032750e+2 6.51923468e-4
1.03040968e+2 7.02575892e-4
1.03048277e+2 7.53720087e-4
1.03055582e+2 7.99454799e-4
1.03062886e+2 8.43714198e-4
1.03072006e+2 8.85022971e-4
1.03082934e+2 9.15512780e-4
1.03093834e+2 9.10595068e-4
1.03102894e+2 8.74695778e-4
1.03110125e+2 8.25026897e-4
1.03116446e+2 7.73882702e-4
1.03121860e+2 7.24705592e-4
1.03127274e+2 6.75528481e-4
1.03132690e+2 6.28318455e-4
1.03138106e+2 5.82419819e-4
1.03143525e+2 5.39799657e-4
1.03149850e+2 4.93081402e-4
1.03157994e+2 4.48920357e-4
1.03167957e+2 4.06037917e-4
1.03178836e+2 3.72925329e-4
1.03189724e+2 3.51943096e-4
1.03200619e+2 3.39484894e-4
1.03211519e+2 3.33911488e-4
1.03222424e+2 3.34567183e-4
1.03233336e+2 3.44402605e-4
1.03244257e+2 3.66368381e-4
1.03255187e+2 3.99153121e-4
1.03266123e+2 4.39806199e-4
1.03276154e+2 4.84327876e-4
1.03285277e+2 5.30751069e-4
1.03294399e+2 5.75994010e-4
1.03303520e+2 6.20056701e-4
1.03312641e+2 6.62939141e-4
1.03322670e+2 7.05690442e-4
1.03333604e+2 7.44704283e-4
1.03344534e+2 7.77161176e-4
1.03355458e+2 8.02077578e-4
1.03366373e+2 8.15847169e-4
1.03377282e+2 8.21092728e-4
1.03388183e+2 8.16830712e-4
1.03399072e+2 7.97487715e-4
1.03409955e+2 7.69948533e-4
1.03420835e+2 7.37491640e-4
1.03431712e+2 7.02084121e-4
1.03442587e+2 6.64709517e-4
1.03453464e+2 6.29301998e-4
1.03464339e+2 5.91599546e-4
1.03475212e+2 5.50946469e-4
1.03486084e+2 5.08982001e-4
1.03496956e+2 4.67345381e-4
1.03507833e+2 4.31282167e-4
1.03518716e+2 4.04070832e-4
1.03529607e+2 3.85711378e-4
1.03540503e+2 3.75548109e-4
1.03551406e+2 3.73253177e-4
1.03562316e+2 3.80465820e-4
1.03573234e+2 3.97841732e-4
1.03584161e+2 4.27347998e-4
1.03595091e+2 4.59804891e-4
1.03606019e+2 4.89639004e-4
1.03616940e+2 5.10949086e-4
1.03627851e+2 5.19800965e-4
1.03638752e+2 5.15538949e-4
1.03649645e+2 5.00785816e-4
1.03660533e+2 4.78820040e-4
1.03671419e+2 4.55870722e-4
1.03682310e+2 4.38494810e-4
1.03693206e+2 4.26692303e-4
1.03704109e+2 4.25708761e-4
1.03715019e+2 4.32265709e-4
1.03725932e+2 4.43412521e-4
1.03736852e+2 4.63083365e-4
1.03747775e+2 4.87016225e-4
1.03758701e+2 5.15211102e-4
1.03769628e+2 5.44061673e-4
1.03780547e+2 5.62748975e-4
1.03791457e+2 5.69305923e-4
1.03802361e+2 5.68650228e-4
1.03813260e+2 5.61765433e-4
1.03824154e+2 5.47995842e-4
1.03835044e+2 5.29964235e-4
1.03845934e+2 5.10621238e-4
1.03856825e+2 4.94228868e-4
1.03867723e+2 4.85376988e-4
1.03878627e+2 4.84065599e-4
1.03889534e+2 4.87999767e-4
1.03900443e+2 4.93901021e-4
1.03911348e+2 4.94556715e-4
1.03922248e+2 4.88655462e-4
1.03933145e+2 4.79147888e-4
1.03944041e+2 4.68001076e-4
1.03954938e+2 4.58165654e-4
1.03965838e+2 4.52592248e-4
1.03976739e+2 4.48002384e-4
1.03987644e+2 4.48658079e-4
1.03998554e+2 4.55870722e-4
1.04009463e+2 4.61116280e-4
1.04020369e+2 4.63083365e-4
1.04031270e+2 4.58493501e-4
1.04042166e+2 4.48658079e-4
1.04053059e+2 4.33904946e-4
1.04063952e+2 4.18823966e-4
1.04074840e+2 3.96858190e-4
1.04085718e+2 3.63417755e-4
1.04096589e+2 3.20469745e-4
1.04106550e+2 2.74636678e-4
1.04116511e+2 2.30311709e-4
1.04127385e+2 1.91297869e-4
1.04138266e+2 1.60480213e-4
1.04149152e+2 1.36875200e-4
1.04160043e+2 1.19827135e-4
1.04170940e+2 1.10319560e-4
1.04181841e+2 1.05074002e-4
1.04192745e+2 1.05074002e-4
1.04203651e+2 1.06385392e-4
1.04214560e+2 1.12286645e-4
1.04225471e+2 1.20810677e-4
1.04236386e+2 1.34252421e-4
1.04247304e+2 1.52611875e-4
1.04258227e+2 1.75889041e-4
1.04269148e+2 1.96543427e-4
1.04280068e+2 2.17197813e-4
1.04290984e+2 2.31295252e-4
1.04301893e+2 2.38180047e-4
1.04312797e+2 2.37196505e-4
1.04323695e+2 2.29000320e-4
1.04334591e+2 2.18181356e-4
1.04345488e+2 2.07690239e-4
1.04356386e+2 2.00149748e-4
1.04367290e+2 1.99494054e-4
1.04378198e+2 2.03756070e-4
1.04389109e+2 2.12280102e-4
1.04400026e+2 2.27688930e-4
1.04410941e+2 2.42114216e-4
1.04421852e+2 2.50638248e-4
1.04432757e+2 2.50638248e-4
1.04443655e+2 2.42114216e-4
1.04454548e+2 2.27688930e-4
1.04465439e+2 2.10640865e-4
1.04476332e+2 1.95887732e-4
1.04487229e+2 1.85724463e-4
1.04498129e+2 1.79823210e-4
1.04509035e+2 1.81790294e-4
1.04519944e+2 1.87691547e-4
1.04530856e+2 1.97199122e-4
1.04541770e+2 2.09985171e-4
1.04552685e+2 2.22771219e-4
1.04563592e+2 2.27033235e-4
1.04574494e+2 2.23099067e-4
1.04585391e+2 2.13263645e-4
1.04596284e+2 1.98182664e-4
1.04607175e+2 1.80806752e-4
1.04618066e+2 1.63430839e-4
1.04628958e+2 1.47366317e-4
1.04639850e+2 1.31301794e-4
1.04650744e+2 1.18843593e-4
1.04661640e+2 1.07041086e-4
1.04672536e+2 9.65499695e-5
1.04683433e+2 8.63867000e-5
1.04694331e+2 7.78626676e-5
1.04705231e+2 7.22892617e-5
1.04716133e+2 6.96664825e-5
1.04727035e+2 6.63880085e-5
1.04737939e+2 6.57323137e-5
1.04748844e+2 6.57323137e-5
1.04759748e+2 6.57323137e-5
1.04770653e+2 6.57323137e-5
1.04781560e+2 6.90107877e-5
1.04792467e+2 7.29449565e-5
1.04803375e+2 7.68791254e-5
1.04814282e+2 8.08132942e-5
1.04825056e+2 8.73949580e-5
