# Ma(MeV) gae (defined as gae * e gamma^5 e)
1.05092936e+0 2.44952342e-10
1.07048871e+0 6.43478229e-7
1.13200019e+0 2.38502783e-10
1.15306173e+0 6.42327550e-7
1.21932498e+0 2.32223039e-10
1.24200410e+0 6.41178928e-7
1.31338720e+0 2.25359419e-10
1.33781044e+0 6.33165490e-7
1.41470646e+0 2.18154934e-10
1.44100438e+0 6.30461896e-7
1.52384272e+0 2.10655733e-10
1.55215684e+0 6.30379756e-7
1.64139947e+0 2.02740298e-10
1.67188469e+0 6.27688057e-7
1.76802750e+0 1.93992236e-10
1.80085104e+0 6.20357764e-7
1.90442479e+0 1.85467687e-10
1.93976153e+0 6.18734813e-7
2.05134309e+0 1.77907234e-10
2.08938583e+0 6.18654200e-7
2.20959084e+0 1.72219742e-10
2.25055448e+0 6.14991129e-7
2.38004500e+0 1.67129589e-10
2.42415843e+0 6.07809114e-7
2.56365095e+0 1.61518379e-10
2.61114738e+0 6.07225862e-7
2.76142310e+0 1.55578330e-10
2.81255929e+0 6.07146749e-7
2.97445347e+0 1.49608250e-10
3.02951476e+0 6.00554454e-7
3.20391009e+0 1.45427546e-10
3.26320326e+0 5.96008639e-7
3.45107087e+0 1.40778392e-10
3.51491176e+0 5.95930987e-7
3.71729921e+0 1.36164835e-10
3.78604319e+0 5.90929635e-7
4.00406539e+0 1.31702473e-10
4.07809057e+0 5.84998630e-7
4.31295377e+0 1.27386350e-10
4.39265912e+0 5.82984245e-7
4.64567094e+0 1.23211674e-10
4.73150504e+0 5.74266827e-7
5.00405513e+0 1.19173810e-10
5.09647747e+0 5.71340455e-7
5.39008330e+0 1.15555567e-10
5.48961322e+0 5.63731899e-7
5.80588752e+0 1.12326442e-10
5.91307608e+0 5.55763324e-7
6.25377270e+0 1.08825756e-10
6.36920565e+0 5.47452943e-7
6.73621180e+0 1.05259343e-10
6.86052065e+0 5.39266828e-7
7.25586664e+0 1.01894321e-10
7.38974095e+0 5.29442955e-7
7.81560646e+0 9.88007019e-11
7.95978682e+0 5.19366913e-7
8.41852309e+0 9.59601241e-11
8.57380776e+0 5.09060059e-7
9.06795379e+0 9.30466730e-11
9.23519807e+0 4.98130398e-7
9.76747981e+0 9.03715269e-11
9.94762385e+0 4.84210472e-7
1.05209590e+1 8.81382041e-11
1.07150120e+1 4.69899071e-7
1.13325476e+1 8.64608105e-11
1.15416142e+1 4.53369675e-7
1.22067539e+1 8.44641862e-11
1.24319841e+1 4.37421725e-7
1.31483951e+1 8.25821647e-11
1.33910590e+1 4.19590553e-7
1.41626972e+1 8.02078792e-11
1.44241308e+1 4.01485597e-7
1.52552453e+1 7.79018559e-11
1.55369092e+1 3.83206754e-7
1.64320943e+1 7.52863787e-11
1.67355513e+1 3.64245784e-7
1.76997506e+1 7.23973790e-11
1.80266767e+1 3.45362221e-7
1.90652076e+1 6.95038013e-11
1.94174368e+1 3.25561166e-7
2.05359878e+1 6.69477084e-11
2.09155062e+1 3.06132388e-7
2.21202054e+1 6.48074662e-11
2.25291875e+1 2.85958540e-7
2.38266535e+1 6.25277675e-11
2.42673915e+1 2.66008221e-7
2.56647097e+1 6.06796871e-11
2.61397441e+1 2.45812609e-7
2.76445110e+1 5.93276291e-11
2.81565906e+1 2.26022194e-7
2.97771392e+1 5.71457783e-11
3.03290788e+1 2.06964667e-7
3.20742576e+1 5.52730101e-11
3.26692156e+1 1.88886051e-7
3.45485709e+1 5.35504104e-11
3.51899673e+1 1.71246095e-7
3.72137966e+1 5.16666953e-11
3.79052780e+1 1.54226348e-7
4.00846524e+1 4.97253080e-11
4.08301533e+1 1.38208358e-7
4.31769387e+1 4.80558303e-11
4.39807454e+1 1.23546076e-7
4.65077760e+1 4.64424036e-11
4.73745662e+1 1.09254393e-7
5.00956153e+1 4.46973202e-11
5.10303337e+1 9.61361425e-8
5.39602174e+1 4.30892570e-11
5.49682914e+1 8.40333326e-8
5.81229524e+1 4.15390467e-11
5.92102283e+1 7.29681931e-8
6.26068075e+1 4.00778492e-11
6.37796408e+1 6.28364997e-8
6.74365017e+1 3.88288111e-11
6.87018324e+1 5.36199499e-8
7.26387883e+1 3.75874981e-11
7.40040362e+1 4.53771495e-8
7.82423373e+1 3.65068356e-11
7.97156478e+1 3.79894776e-8
8.42781264e+1 3.55161338e-11
8.58682662e+1 3.15081206e-8
9.07795299e+1 3.45523171e-11
9.18731894e+1 2.59650839e-8
9.71762617e+1 2.08677649e-8
9.77822781e+1 3.38947381e-11
1.00376954e+2 1.72928075e-8
1.05324693e+2 3.39747899e-11
1.05390318e+2 1.45093534e-8
1.12531930e+2 1.20698555e-8
1.13448629e+2 3.43958156e-11
1.19591209e+2 9.84298972e-9
1.22199206e+2 3.47931767e-11
1.27523277e+2 8.03588857e-9
1.31624635e+2 3.53121369e-11
1.36902896e+2 6.60648842e-9
1.41777037e+2 3.58685876e-11
1.47469024e+2 5.53091251e-9
1.52712420e+2 3.65246142e-11
1.58850644e+2 4.63044681e-9
1.64491258e+2 3.71926393e-11
1.71110233e+2 3.92187789e-9
1.77178507e+2 3.79672763e-11
1.84313887e+2 3.48840218e-9
1.90844215e+2 3.88546473e-11
2.05562729e+2 4.07988289e-11
2.05946420e+2 3.04031648e-9
2.20766985e+2 4.47405733e-11
2.38164221e+2 2.46713442e-9
2.38487719e+2 4.92420952e-11
2.56877144e+2 5.48437190e-11
2.65364092e+2 2.12950909e-9
2.76684125e+2 6.14893865e-11
2.89751539e+2 1.82690900e-9
2.98017327e+2 6.99777421e-11
3.20775971e+2 1.52252425e-9
3.20991620e+2 8.37725482e-11
3.44569882e+2 1.02024759e-10
3.45530384e+2 1.32314239e-9
3.67389842e+2 1.24408802e-10
3.72197037e+2 1.12439576e-9
3.92515065e+2 1.52830600e-10
3.99571591e+2 9.38068092e-10
4.10670787e+2 1.82866435e-10
4.23203958e+2 7.76794731e-10
4.24918876e+2 2.21039838e-10
4.38901929e+2 6.29724718e-10
4.39165042e+2 2.71278007e-10
4.50579157e+2 3.33826149e-10
4.52825605e+2 4.98561769e-10
4.54379304e+2 4.05736292e-10
