# pythia: 8311
# beam_energy: 120.0
# ptcut: 1000
# seed: 21
# mode: soft
# beam_mode: fixed
# total_xsec_mb: 38.4538856142  
# tau_xsec_mb: 0.0000171363   
# event_number particle_count pid E px py pz mother_pid E_mother px_mother py_mother pz_mother weights
1.0000000000e+00 1 15 7.3739573612e+00 -2.0184447109e-01 8.9971008694e-01 7.0970372988e+00 -411 7.6399464185e+00 -2.3184965126e-01 8.4512808951e-01 7.3556309440e+00 1.2000000000e-03
1.0000000000e+00 2 -15 1.7695963076e+01 2.1428960723e+00 7.4046185596e-01 1.7459946521e+01 411 1.9337429581e+01 2.4023196641e+00 8.3247105251e-01 1.9078169619e+01 1.2000000000e-03
1.0000000000e+00 3 15 6.4843108268e+00 -3.4667397703e-01 2.0921224943e-01 6.2229611098e+00 -411 6.8847402099e+00 -4.1855626130e-01 3.0155338869e-01 6.6059098558e+00 1.2000000000e-03
1.0000000000e+00 4 -15 4.7714833227e+01 7.0393724238e-01 4.2363588236e-01 4.7674660204e+01 411 5.0840667864e+01 8.3243481828e-01 4.9418513496e-01 5.0797055656e+01 1.2000000000e-03
1.0000000000e+00 5 -15 4.9570940046e+00 -8.0147612558e-01 -7.2815379796e-01 4.4992354600e+00 411 5.1223189104e+00 -9.0205555939e-01 -7.8740860179e-01 4.6161624254e+00 1.2000000000e-03
1.0000000000e+00 6 -15 1.7907531231e+01 7.2798179502e-01 1.0265248057e-01 1.7803990858e+01 411 1.7978975859e+01 6.9566995441e-01 1.0067174725e-01 1.7867680390e+01 1.2000000000e-03
1.0000000000e+00 7 -15 1.5259900185e+01 -8.8493713794e-01 -5.8058209604e-01 1.5119102984e+01 411 1.6818640914e+01 -9.9788556465e-01 -6.0802664513e-01 1.6673503869e+01 1.2000000000e-03
1.0000000000e+00 8 -15 4.6546787153e+00 -1.6130640128e-01 5.0119202952e-01 4.2698631623e+00 411 5.0092398861e+00 -1.4112528132e-01 4.6395962821e-01 4.6218860231e+00 1.2000000000e-03
1.0000000000e+00 9 15 1.3245359745e+01 -3.2125138067e-01 -9.6452360940e-01 1.3086212485e+01 -411 1.3444647711e+01 -3.2663749590e-01 -9.1303131589e-01 1.3278657872e+01 1.2000000000e-03
1.0000000000e+00 10 15 1.7371975328e+01 1.7207662305e-01 -1.7439294117e-01 1.7279132334e+01 -411 1.9181112421e+01 1.6007241587e-01 -1.8889542033e-01 1.9088171471e+01 1.2000000000e-03
1.0000000000e+00 11 15 1.9964400025e+01 -3.4346538637e-01 1.2052378700e-01 1.9881843089e+01 -411 2.0219091680e+01 -3.2781424807e-01 6.4024050680e-02 2.0129695183e+01 1.2000000000e-03
1.0000000000e+00 12 -15 5.6767228827e+00 3.8897689085e-01 -2.8751574797e-01 5.3697416183e+00 411 6.2187612791e+00 4.7099298309e-01 -3.4858111137e-01 5.9020479260e+00 1.2000000000e-03
1.0000000000e+00 13 -15 6.9264261884e+00 -3.2550911883e-01 1.5403086367e+00 6.5069027615e+00 411 7.5673959851e+00 -3.0089780909e-01 1.6595050850e+00 7.1362109297e+00 1.2000000000e-03
1.0000000000e+00 14 -15 3.4917810691e+01 -1.1984052444e+00 -6.8886065003e-01 3.4845167671e+01 431 3.7057660041e+01 -1.1221548815e+00 -6.3247156075e-01 3.6982914474e+01 5.3600000000e-02
1.0000000000e+00 15 15 1.9047603781e+01 1.5878935097e+00 1.8172601727e+00 1.8810376927e+01 -431 1.9805563801e+01 1.5760554002e+00 1.7558170437e+00 1.9565749678e+01 5.3600000000e-02
1.0000000000e+00 16 -15 1.0424939311e+01 -2.6801426442e-01 9.8939042364e-01 1.0221132289e+01 411 1.1097464035e+01 -3.5089108712e-01 9.8745136144e-01 1.0888528106e+01 1.2000000000e-03
1.0000000000e+00 17 15 1.1231797525e+01 -4.8841459602e-01 -7.2412258228e-01 1.1055916244e+01 -411 1.2315012004e+01 -5.8762605496e-01 -7.7326813323e-01 1.2133457616e+01 1.2000000000e-03
1.0000000000e+00 18 -15 4.4369132228e+01 -2.0191284679e-01 1.5775516050e-02 4.4333077806e+01 431 4.8432740933e+01 -2.9262269014e-01 -1.6729505808e-01 4.8391547048e+01 5.3600000000e-02
1.0000000000e+00 19 15 3.2726451868e+01 1.0618266640e+00 -2.7151284013e-01 3.2659797419e+01 -431 3.3118848699e+01 9.9129617308e-01 -3.0891526869e-01 3.3043987192e+01 5.3600000000e-02
1.0000000000e+00 20 -15 2.7466454159e+01 -2.9610682217e-01 -6.7873432148e-01 2.7398917045e+01 431 3.2419478186e+01 -4.7784392278e-01 -9.0262819591e-01 3.2343539393e+01 5.3600000000e-02
1.0000000000e+00 21 15 1.4572094111e+01 3.4011154265e-01 -1.4970528587e+00 1.4381654784e+01 -411 1.5719026311e+01 3.9475782106e-01 -1.6941749778e+00 1.5510198150e+01 1.2000000000e-03
1.0000000000e+00 22 15 4.1875945959e+01 -2.5507219562e-01 -7.8126675540e-01 4.1830160424e+01 -411 4.2383697407e+01 -2.0034753355e-01 -8.0766433910e-01 4.2334263501e+01 1.2000000000e-03
1.0000000000e+00 23 15 2.0197132220e+01 -1.1829576701e+00 -4.0481593013e-01 2.0079935155e+01 -411 2.1124321916e+01 -1.3271897646e+00 -3.9585113254e-01 2.0995794024e+01 1.2000000000e-03
1.0000000000e+00 24 15 1.2467338701e+01 -4.1927199686e-01 1.9792038251e+00 1.2173101831e+01 -411 1.3224981031e+01 -4.7333300254e-01 2.1883823722e+00 1.2899286135e+01 1.2000000000e-03
1.0000000000e+00 25 15 2.3836305935e+01 5.0359120839e-01 -7.6571573207e-01 2.3752314974e+01 -411 2.4596080849e+01 4.8658547263e-01 -7.0959005140e-01 2.4509823147e+01 1.2000000000e-03
1.0000000000e+00 26 -15 1.7500022985e+01 1.0198402277e+00 -3.4190732565e-01 1.7376327013e+01 411 1.8468797114e+01 1.1456998520e+00 -4.2576232913e-01 1.8333223562e+01 1.2000000000e-03
1.0000000000e+00 27 -15 1.7016744362e+01 8.8473135313e-02 2.2263809203e-01 1.6922030143e+01 411 1.8246099119e+01 1.8163705980e-01 2.1801329081e-01 1.8147840981e+01 1.2000000000e-03
1.0000000000e+00 28 15 4.2249107528e+01 -5.6361921184e-01 8.9902580335e-01 4.2198389585e+01 -411 4.2899217667e+01 -5.5937109409e-01 9.7824979370e-01 4.2843640471e+01 1.2000000000e-03
1.0000000000e+00 29 15 2.9557977725e+01 -1.3842963344e+00 -7.2646480491e-01 2.9463077409e+01 -431 2.9599365268e+01 -1.3828649826e+00 -6.9809994657e-01 2.9493182472e+01 5.3600000000e-02
1.0000000000e+00 30 15 9.9882569255e+00 -1.6453658511e-01 1.0810053345e+00 9.7679343915e+00 -411 1.0040918226e+01 -1.6254162460e-01 1.1228331396e+00 9.7998666238e+00 1.2000000000e-03
1.0000000000e+00 31 -15 2.8406148136e+01 -4.1371670185e-01 5.7860067169e-02 2.8347445270e+01 431 3.1905053567e+01 -6.0494620580e-01 2.0936794794e-01 3.1837834339e+01 5.3600000000e-02
1.0000000000e+00 32 15 8.1901440263e+00 -1.2970423571e-01 -7.7268421941e-01 7.9566013955e+00 -411 8.6276388748e+00 -2.2364020965e-01 -8.5229856488e-01 8.3764100796e+00 1.2000000000e-03
1.0000000000e+00 33 15 1.3693480249e+01 -4.8806782325e-01 -2.2249354608e-01 1.3567114595e+01 -411 1.3719649308e+01 -4.8478886526e-01 -2.4454869765e-01 1.3580812710e+01 1.2000000000e-03
1.0000000000e+00 34 -15 2.5390828403e+01 -2.5144297571e+00 -3.1924517517e-01 2.5201444467e+01 411 2.5412794383e+01 -2.5315894829e+00 -3.1991238412e-01 2.5215141288e+01 1.2000000000e-03
1.0000000000e+00 35 15 5.5288355330e+00 3.3903024637e-01 -1.5027908330e-01 5.2223948268e+00 -411 5.6388666440e+00 3.4672738486e-01 -8.1535330483e-02 5.3079629045e+00 1.2000000000e-03
1.0000000000e+00 36 15 1.0240035785e+01 -6.1796469816e-02 2.4367515102e-01 1.0081569678e+01 100443 2.6915308093e+01 2.2921216259e-01 2.6810791087e-01 2.6659335941e+01 3.1000000000e-03
1.0000000000e+00 37 -15 1.6675272309e+01 2.9100863241e-01 2.4432759849e-02 1.6577766263e+01 100443 2.6915308093e+01 2.2921216259e-01 2.6810791087e-01 2.6659335941e+01 3.1000000000e-03
1.0000000000e+00 38 15 2.8348216697e+01 -1.3234392610e+00 -7.2551477080e-01 2.8252193498e+01 -411 3.0475441696e+01 -1.4576174024e+00 -8.5994318773e-01 3.0370922226e+01 1.2000000000e-03
1.0000000000e+00 39 15 3.7417895915e+01 9.9349838369e-01 8.7603162818e-01 3.7352207096e+01 -431 4.4286646113e+01 1.3101109042e+00 1.1227016938e+00 4.4209220999e+01 5.3600000000e-02
1.0000000000e+00 40 -15 1.8677242140e+01 2.7408651879e-01 -1.4181320318e-01 1.8589971765e+01 411 1.8913065750e+01 2.2370296057e-01 -1.1471150598e-01 1.8818750633e+01 1.2000000000e-03
1.0000000000e+00 41 15 1.9331633809e+01 2.1408405451e-01 -1.2010389799e-01 1.9248239386e+01 -411 2.0776920508e+01 1.4274308663e-01 -1.3093484339e-01 2.0691723644e+01 1.2000000000e-03
1.0000000000e+00 42 -15 7.2123508455e+00 2.0175712272e-02 7.3324688933e-01 6.9514644030e+00 411 7.3548195027e+00 7.0250112128e-02 6.9399211114e-01 7.0789357141e+00 1.2000000000e-03
1.0000000000e+00 43 15 3.1210823384e+01 8.5667047422e-01 3.5390141726e-01 3.1146416752e+01 -411 3.2803009591e+01 8.5116370054e-01 4.5334921063e-01 3.2735484632e+01 1.2000000000e-03
1.0000000000e+00 44 -15 2.5811037110e+01 5.2632894642e-01 1.1238005413e+00 2.5719887200e+01 411 2.6238184399e+01 5.1980018714e-01 1.0753054315e+00 2.6144222451e+01 1.2000000000e-03
1.0000000000e+00 45 15 2.0145036315e+01 5.8597315862e-02 -7.4858604123e-01 2.0052470773e+01 100443 3.5411636477e+01 -4.5577546641e-01 -8.3992580082e-01 3.5206317443e+01 3.1000000000e-03
1.0000000000e+00 46 -15 1.5266600163e+01 -5.1437278227e-01 -9.1339759584e-02 1.5153846670e+01 100443 3.5411636477e+01 -4.5577546641e-01 -8.3992580082e-01 3.5206317443e+01 3.1000000000e-03
1.0000000000e+00 47 15 6.8421336485e+00 6.1675323225e-01 8.7019108278e-01 6.5207427860e+00 100443 1.7752101422e+01 1.2556825323e+00 1.8106984140e+00 1.7224831856e+01 3.1000000000e-03
1.0000000000e+00 48 -15 1.0909967773e+01 6.3892930008e-01 9.4050733118e-01 1.0704089070e+01 100443 1.7752101422e+01 1.2556825323e+00 1.8106984140e+00 1.7224831856e+01 3.1000000000e-03
1.0000000000e+00 49 15 1.1367419366e+01 3.4837743239e-02 -1.8242411276e-02 1.1227626075e+01 -431 1.3633013677e+01 -8.2106112328e-02 -6.3385945961e-02 1.3489749806e+01 5.3600000000e-02
1.0000000000e+00 50 -15 1.6049724867e+01 5.4627886387e-01 6.8745641200e-01 1.5926881743e+01 431 1.9228902161e+01 7.4909809967e-01 9.1998402929e-01 1.9091050439e+01 5.3600000000e-02
1.0000000000e+00 51 -15 3.0416106991e+01 3.1542552965e-01 4.7892848132e-01 3.0358748483e+01 431 3.7073000313e+01 3.4414950901e-01 5.1964099515e-01 3.7015455335e+01 5.3600000000e-02
1.0000000000e+00 52 15 2.1291522176e+01 3.0544377334e-01 -2.6309850567e-02 2.1215038043e+01 100443 3.5819406291e+01 7.5190336248e-01 -5.6742394441e-01 3.5616780886e+01 3.1000000000e-03
1.0000000000e+00 53 -15 1.4527884115e+01 4.4645958914e-01 -5.4111409384e-01 1.4401742843e+01 100443 3.5819406291e+01 7.5190336248e-01 -5.6742394441e-01 3.5616780886e+01 3.1000000000e-03
1.0000000000e+00 54 15 3.1062584038e+01 -4.7097176985e-01 -1.3060196688e+00 3.0980631627e+01 -411 3.1373584583e+01 -4.3272277741e-01 -1.2841641492e+00 3.1288496354e+01 1.2000000000e-03
1.0000000000e+00 55 15 1.0483480313e+01 1.5267552995e+00 -6.5639286259e-01 1.0197275951e+01 -411 1.0575047600e+01 1.5667442937e+00 -6.2000332668e-01 1.0271176222e+01 1.2000000000e-03
1.0000000000e+00 56 15 2.2105811501e+01 -5.4066230239e-01 1.2146953189e-01 2.2027318090e+01 -411 2.4471204516e+01 -6.0002303826e-01 1.3362631277e-01 2.4391934894e+01 1.2000000000e-03
1.0000000000e+00 57 -15 4.7720288504e+01 -6.5033825581e-01 -1.7631512568e-01 4.7682437214e+01 411 5.0559520518e+01 -7.3143931494e-01 -1.0219470510e-01 5.0519542643e+01 1.2000000000e-03
1.0000000000e+00 58 15 5.5553468289e+00 8.2458184631e-01 -5.3710449531e-02 5.1982659650e+00 -411 5.9553303479e+00 8.8671499959e-01 -1.4642351569e-01 5.5823630545e+00 1.2000000000e-03
1.0000000000e+00 59 -15 1.5356094609e+01 -3.8040959489e-01 6.9359538855e-01 1.5232424833e+01 431 1.6190080501e+01 -2.7728148877e-01 8.5016555367e-01 1.6045064265e+01 5.3600000000e-02
1.0000000000e+00 60 -15 1.4653491545e+01 3.9214224663e-01 1.8294067768e+00 1.4424535363e+01 411 1.5980130371e+01 3.6121044180e-01 1.9806036346e+00 1.5742167068e+01 1.2000000000e-03
1.0000000000e+00 61 -15 2.2022037804e+01 -1.6768775408e+00 -1.1731940619e+00 2.1854627819e+01 411 2.3037822903e+01 -1.6640095712e+00 -1.2008524254e+00 2.2869954761e+01 1.2000000000e-03
1.0000000000e+00 62 -15 6.2916298638e+01 -2.2016140954e-01 -2.1699434590e-01 6.2890444325e+01 411 6.4808004673e+01 -1.4440568394e-01 -2.0041192173e-01 6.4780560146e+01 1.2000000000e-03
1.0000000000e+00 63 15 8.9852843641e+00 7.9360511073e-01 -4.6890041973e-01 8.7594845234e+00 -411 9.1251796979e+00 7.8012626222e-01 -5.3639265141e-01 8.8812787094e+00 1.2000000000e-03
1.0000000000e+00 64 -15 7.1654068914e+00 -7.7916558082e-01 -1.0746213046e+00 6.8135201369e+00 411 7.5193845821e+00 -8.6707361428e-01 -1.2062626608e+00 7.1301317863e+00 1.2000000000e-03
1.0000000000e+00 65 15 6.1333859265e+01 2.3556097023e+00 -1.2095656541e-01 6.1262726640e+01 -431 6.3492049165e+01 2.4293983966e+00 2.0583240610e-02 6.3415005748e+01 5.3600000000e-02
1.0000000000e+00 66 15 6.2787211216e+00 -5.6190682892e-01 4.5041182929e-01 5.9788493467e+00 -431 7.1447279238e+00 -4.8956024762e-01 3.8928792505e-01 6.8396615341e+00 5.3600000000e-02
1.0000000000e+00 67 -15 3.2134974650e+01 5.3245725992e-01 -4.4205575109e-01 3.2078350681e+01 431 3.2401347978e+01 4.6214295332e-01 -4.3747543110e-01 3.2335235225e+01 5.3600000000e-02
1.0000000000e+00 68 -15 2.6048312015e+01 3.6024009351e-01 2.1011576140e-02 2.5985135272e+01 431 3.1070878829e+01 4.3077482995e-01 -1.1966109144e-01 3.1005236212e+01 5.3600000000e-02
1.0000000000e+00 69 -15 2.6489732720e+01 4.2918934935e-01 2.1043259667e-01 2.6425751927e+01 411 2.7370964921e+01 3.5826017703e-01 1.9502122515e-01 2.7303989784e+01 1.2000000000e-03
1.0000000000e+00 70 -15 3.5770996971e+01 2.0550234164e-02 1.2719168414e+00 3.5704186592e+01 411 3.6805051856e+01 -6.2526743708e-02 1.3203669640e+00 3.6733759468e+01 1.2000000000e-03
1.0000000000e+00 71 15 3.8956511597e+01 -1.3568091403e-01 3.9805670110e-01 3.8913697435e+01 -411 4.1091656931e+01 -5.0043351577e-02 3.9988220512e-01 4.1047123898e+01 1.2000000000e-03
1.0000000000e+00 72 15 1.2681867859e+01 -1.3759808553e+00 -1.0385765423e-01 1.2480728078e+01 100443 2.1975673147e+01 -2.5804125068e+00 4.7150136152e-01 2.1504919666e+01 3.1000000000e-03
1.0000000000e+00 73 -15 9.2938052887e+00 -1.2044316515e+00 5.7535901576e-01 9.0241915888e+00 100443 2.1975673147e+01 -2.5804125068e+00 4.7150136152e-01 2.1504919666e+01 3.1000000000e-03
1.0000000000e+00 74 15 6.0059369706e+00 3.3375411491e-01 -1.0259601270e+00 5.6347319006e+00 -411 6.2084816721e+00 3.3350545601e-01 -1.1443911157e+00 5.7990437845e+00 1.2000000000e-03
1.0000000000e+00 75 -15 2.4756813829e+01 -2.8362469241e-01 7.9760322849e-01 2.4678454729e+01 411 2.6555997007e+01 -2.1543358825e-01 8.5122205629e-01 2.6475545462e+01 1.2000000000e-03
1.0000000000e+00 76 -15 1.8069184728e+01 6.7011027963e-01 1.1481852574e+00 1.7932400014e+01 411 1.9894949000e+01 7.3846688880e-01 1.2213530222e+00 1.9755416478e+01 1.2000000000e-03
1.0000000000e+00 77 -15 1.7266517212e+01 -1.1760965421e+00 9.0890737506e-01 1.7110412375e+01 431 1.9169716659e+01 -1.3062041201e+00 8.0742783645e-01 1.9006445617e+01 5.3600000000e-02
1.0000000000e+00 78 15 1.2524201926e+01 -4.9242839797e-01 4.0207471646e-01 1.2381211361e+01 -431 1.3694204727e+01 -4.8266682826e-01 6.3020575619e-01 1.3528716260e+01 5.3600000000e-02
1.0000000000e+00 79 15 1.1962089950e+01 6.0808080235e-01 -3.5604182108e-01 1.1808385945e+01 -431 1.4473533206e+01 6.4701967193e-01 -3.7915785200e-01 1.4319420919e+01 5.3600000000e-02
1.0000000000e+00 80 -15 8.3588022408e+00 6.1853218105e-01 5.8903484911e-01 8.1229884572e+00 431 9.5420860583e+00 8.9612715432e-01 6.2507344358e-01 9.2726853056e+00 5.3600000000e-02
1.0000000000e+00 81 15 3.1446674016e+01 -2.1510433134e-01 -3.0361044722e-02 3.1395684826e+01 -431 3.2463484178e+01 -3.4913003927e-01 -9.2014238046e-02 3.2401735967e+01 5.3600000000e-02
1.0000000000e+00 82 -15 1.4769460459e+01 -6.3774027519e-01 -1.3098294310e+00 1.4589636978e+01 411 1.6012099948e+01 -6.1618729920e-01 -1.4400342059e+00 1.5825248197e+01 1.2000000000e-03
1.0000000000e+00 83 -15 1.6227435640e+01 4.9442174465e-01 -9.3179463665e-01 1.6095337338e+01 411 1.7958587700e+01 5.4414637508e-01 -1.0388955489e+00 1.7822457574e+01 1.2000000000e-03
1.0000000000e+00 84 -15 3.7520616422e+01 -3.4060171169e-01 -1.2023878556e-01 3.7476780818e+01 411 3.9982582436e+01 -3.1820029265e-01 -2.0941236609e-01 3.9937029363e+01 1.2000000000e-03
1.0000000000e+00 85 15 3.4848900219e+01 -6.3768455393e-01 6.4045512658e-01 3.4791837158e+01 -411 3.7089635312e+01 -5.8820889575e-01 7.0431707200e-01 3.7031115516e+01 1.2000000000e-03
1.0000000000e+00 86 15 1.7124394123e+01 5.3184824160e-01 -5.2771214300e-01 1.7015476546e+01 -431 1.7884561123e+01 5.3267923755e-01 -7.0873343841e-01 1.7753774906e+01 5.3600000000e-02
1.0000000000e+00 87 15 9.9254376497e+00 -8.2320708339e-01 1.1374072592e+00 9.6636358608e+00 -411 1.0148756500e+01 -9.1615804166e-01 1.1467853095e+00 9.8664744187e+00 1.2000000000e-03
1.0000000000e+00 88 -15 3.0322437550e+01 -2.9937283672e-01 -1.4677576992e+00 3.0233246483e+01 411 3.0729431912e+01 -3.1189951698e-01 -1.5494875174e+00 3.0631753359e+01 1.2000000000e-03
1.0000000000e+00 89 -15 1.2017134777e+01 2.7526531709e-01 -4.4301014876e-01 1.1873601389e+01 411 1.2914180832e+01 3.8088010960e-01 -4.9665436837e-01 1.2762791716e+01 1.2000000000e-03
1.0000000000e+00 90 15 1.6473337718e+01 -9.7189413376e-01 1.1586868122e-01 1.6347958971e+01 100443 3.2450828854e+01 -1.3404039244e+00 -5.4379624854e-01 3.2208355447e+01 3.1000000000e-03
1.0000000000e+00 91 -15 1.5977491136e+01 -3.6850979059e-01 -6.5966492977e-01 1.5860396477e+01 100443 3.2450828854e+01 -1.3404039244e+00 -5.4379624854e-01 3.2208355447e+01 3.1000000000e-03
1.0000000000e+00 92 15 8.0745682285e+00 -1.6743066840e-01 -7.4012744852e-01 7.8400089984e+00 -431 9.6593001652e+00 -6.6626696901e-02 -8.7768468493e-01 9.4155380769e+00 5.3600000000e-02
1.0000000000e+00 93 -15 8.2751546545e+00 -9.1375948496e-01 -5.2248112680e-01 8.0133109461e+00 411 8.3809099032e+00 -9.8287294146e-01 -5.2725721474e-01 8.0932152123e+00 1.2000000000e-03
1.0000000000e+00 94 15 6.8750191391e+00 1.0069135811e+00 -3.1758146664e-01 6.5569860380e+00 -431 7.2421633507e+00 1.1912379984e+00 -2.3286028042e-01 6.8629953548e+00 5.3600000000e-02
1.0000000000e+00 95 -15 5.5509891195e+00 -5.4419856303e-01 -4.0504507203e-02 5.2305447328e+00 411 5.6355568324e+00 -4.9227050879e-01 -6.3597157256e-02 5.2931698456e+00 1.2000000000e-03
1.0000000000e+00 96 15 2.3087281947e+01 2.1505283050e-01 -1.0669259957e+00 2.2993062423e+01 -411 2.3423736462e+01 2.7622646809e-01 -1.0529484123e+00 2.3323613559e+01 1.2000000000e-03
1.0000000000e+00 97 -15 8.6349970768e+00 2.4907306016e-01 -2.5353893455e-01 8.4427344992e+00 431 1.0554879825e+01 3.4618601358e-01 -2.9534576848e-01 1.0359703730e+01 5.3600000000e-02
1.0000000000e+00 98 15 3.0368346268e+01 -2.8684374522e-01 -3.6713396570e-02 3.0314942495e+01 -411 3.1384119219e+01 -3.8437117383e-01 -4.4695543952e-02 3.1325991146e+01 1.2000000000e-03
1.0000000000e+00 99 -15 1.6702381989e+01 -7.4335541425e-01 -5.2423009564e-01 1.6582674101e+01 411 1.8369858981e+01 -8.1685899535e-01 -6.2412865533e-01 1.8245532188e+01 1.2000000000e-03
1.0000000000e+00 100 15 2.3106609687e+01 6.3628053181e-01 -8.4620893379e-01 2.3013852338e+01 100443 4.7030317660e+01 5.8230102370e-01 -1.0285039693e+00 4.6870729095e+01 3.1000000000e-03
1.0000000000e+00 101 -15 2.3923707973e+01 -5.3979508104e-02 -1.8229503552e-01 2.3856876757e+01 100443 4.7030317660e+01 5.8230102370e-01 -1.0285039693e+00 4.6870729095e+01 3.1000000000e-03
