# Ma (GeV) qsi -- from https://arxiv.org/pdf/2005.01885
4.16545388e-2 1.46241765e+0
4.37492022e-2 1.38561553e+0
4.55509275e-2 1.19826855e+0
4.83935915e-2 9.63654363e-1
5.14130774e-2 9.18076223e-1
5.32300327e-2 9.34104387e-1
5.38931954e-2 9.06754642e-1
5.49034355e-2 8.73689066e-1
5.57597762e-2 8.41830915e-1
5.66294454e-2 8.17181244e-1
5.84094571e-2 8.17165130e-1
5.93202187e-2 8.41797716e-1
6.02451518e-2 8.73637384e-1
6.09957419e-2 8.41782777e-1
6.27185909e-2 8.41767838e-1
6.36967948e-2 8.17120013e-1
6.56989841e-2 8.11057667e-1
6.77640751e-2 8.11041674e-1
6.88209380e-2 7.93162621e-1
6.96781843e-2 7.96107268e-1
7.05461433e-2 7.93150109e-1
7.14249319e-2 7.87274914e-1
7.23147031e-2 7.75660880e-1
7.32155405e-2 7.67061417e-1
7.41275998e-2 7.58557293e-1
7.50509653e-2 7.58551310e-1
7.59858327e-2 7.58545327e-1
7.69323831e-2 7.52926464e-1
7.78907822e-2 7.39069470e-1
7.88611596e-2 7.20099340e-1
7.98435671e-2 7.09476293e-1
8.08382128e-2 6.99009959e-1
8.18452695e-2 6.86145254e-1
8.28647901e-2 6.83596552e-1
8.38969898e-2 6.83591160e-1
8.49420471e-2 6.83585768e-1
8.60002068e-2 6.73501376e-1
8.70715485e-2 6.63565751e-1
8.81562798e-2 6.48939019e-1
8.92544806e-2 6.39365743e-1
9.03664513e-2 6.20645683e-1
9.14921852e-2 6.11489796e-1
9.26319885e-2 5.98010954e-1
9.37859452e-2 5.89188979e-1
9.49543240e-2 5.76201706e-1
9.61371873e-2 5.69813573e-1
9.73347857e-2 5.63496263e-1
9.85472543e-2 5.61403143e-1
9.97748261e-2 5.59317798e-1
1.01017690e-1 5.57240199e-1
1.02275884e-1 5.67679077e-1
1.03549723e-1 5.80465097e-1
1.04839454e-1 5.91339051e-1
1.06145328e-1 5.95742638e-1
1.07467573e-1 5.91329722e-1
1.08806477e-1 5.71888429e-1
1.10162225e-1 5.40899104e-1
1.11534728e-1 5.21176815e-1
1.12924331e-1 5.02173642e-1
1.14331163e-1 4.89284057e-1
1.15755436e-1 4.82066042e-1
1.17197480e-1 4.73194012e-1
1.18657372e-1 4.71436322e-1
1.20135419e-1 4.71432603e-1
1.21631818e-1 4.74943270e-1
1.23146856e-1 4.78480081e-1
1.24680827e-1 4.78476307e-1
1.26233905e-1 4.78472533e-1
1.27806455e-1 4.71414011e-1
1.29398691e-1 4.59313952e-1
1.31010699e-1 4.50860655e-1
1.32642658e-1 4.49185923e-1
1.34294813e-1 4.54214544e-1
1.35967077e-1 4.83809936e-1
1.37659826e-1 5.34830638e-1
1.39373615e-1 5.93431435e-1
1.41109608e-1 6.00074880e-1
1.42867436e-1 5.93422074e-1
1.44647126e-1 5.89026348e-1
1.46448950e-1 5.86838396e-1
1.48273328e-1 5.78181240e-1
1.50120765e-1 5.50927560e-1
1.51991222e-1 5.24958533e-1
1.53884832e-1 5.07699342e-1
1.55801995e-1 4.92834357e-1
1.57743004e-1 4.80184489e-1
1.59708195e-1 4.67859312e-1
1.61697829e-1 4.57546464e-1
1.63712330e-1 4.44149910e-1
1.65751724e-1 4.39225786e-1
1.67816069e-1 4.52466679e-1
1.69905579e-1 4.89160576e-1
1.72021572e-1 5.07663303e-1
1.74164348e-1 5.07659299e-1
1.76334162e-1 4.92795486e-1
1.78531053e-1 4.76593727e-1
1.80755358e-1 4.59216145e-1
1.83006610e-1 4.71306193e-1
1.85285717e-1 4.90953369e-1
1.87593207e-1 5.11419569e-1
1.89929575e-1 5.26836815e-1
1.92295325e-1 5.30760066e-1
1.94690783e-1 5.24875727e-1
1.97116082e-1 5.19056626e-1
1.99571691e-1 5.09503814e-1
2.02057941e-1 4.98273012e-1
2.04575115e-1 4.89102706e-1
2.07125535e-1 4.18465922e-1
2.09711078e-1 2.81937931e-1
2.12231889e-1 1.85624322e-1
2.15858766e-1 2.49559619e-1
2.17644390e-1 3.12059338e-1
2.20353508e-1 3.56692232e-1
2.23098492e-1 3.52737718e-1
2.25877058e-1 3.63371343e-1
2.28695133e-1 2.70980498e-1
2.31546884e-1 2.22565346e-1
2.34428821e-1 2.58205276e-1
2.37347970e-1 2.75089319e-1
2.40301166e-1 3.38603018e-1
2.43294701e-1 3.33607880e-1
2.46329292e-1 2.61089698e-1
2.46896726e-1 2.30025275e-1
2.49397861e-1 2.58195094e-1
2.52500735e-1 3.22634682e-1
2.55643851e-1 3.66051313e-1
2.58826284e-1 4.10709325e-1
2.62050982e-1 3.95734022e-1
2.65318276e-1 3.32352957e-1
2.68619888e-1 4.00101659e-1
2.71961842e-1 5.01892496e-1
2.75350534e-1 4.74696090e-1
2.78785161e-1 3.67392905e-1
2.82261587e-1 3.00633587e-1
2.85773967e-1 3.63316891e-1
2.89328058e-1 4.87182160e-1
2.92931837e-1 4.92636147e-1
2.96582038e-1 4.60779238e-1
3.00277799e-1 4.29384888e-1
3.04021711e-1 3.60614273e-1
3.07808889e-1 3.57943052e-1
3.11643321e-1 3.53974671e-1
3.15523107e-1 3.92759282e-1
3.19447809e-1 5.11246143e-1
3.23425076e-1 5.58898849e-1
3.27457109e-1 4.79961080e-1
3.31536628e-1 4.67641637e-1
3.35668295e-1 4.29354408e-1
3.39854378e-1 3.46241466e-1
3.41418926e-1 3.06820925e-1
3.44088096e-1 3.41049200e-1
3.48370600e-1 3.98611801e-1
3.52706926e-1 4.55624030e-1
3.57099956e-1 4.64159314e-1
3.61547702e-1 4.72854491e-1
3.66047688e-1 5.48573831e-1
3.70612361e-1 4.47228060e-1
3.75228869e-1 4.47224533e-1
3.79902601e-1 4.52231196e-1
3.84637582e-1 4.06056645e-1
3.89428795e-1 4.06053443e-1
3.94277064e-1 4.48874249e-1
3.99186776e-1 4.76349445e-1
4.04158921e-1 4.81682161e-1
4.09193501e-1 4.78114140e-1
4.14287529e-1 5.34455323e-1
4.19448178e-1 5.32470077e-1
4.24672901e-1 5.34446892e-1
4.29969488e-1 4.22957096e-1
4.35325910e-1 4.15172918e-1
4.40748501e-1 4.15416397e-1
4.46241423e-1 3.78357889e-1
4.51792204e-1 4.90674634e-1
4.57413497e-1 6.06342971e-1
4.63116032e-1 5.18774211e-1
4.68888736e-1 4.57236202e-1
4.74725789e-1 5.13018709e-1
4.80635625e-1 5.73473063e-1
4.86630068e-1 4.55530602e-1
4.92694293e-1 4.21352777e-1
4.98830031e-1 4.40550535e-1
5.05043425e-1 4.43831229e-1
5.11332827e-1 4.65779644e-1
5.17705400e-1 4.24480465e-1
5.24147057e-1 5.20663218e-1
5.30670174e-1 6.15358694e-1
5.37284139e-1 5.54583852e-1
5.43976784e-1 5.54579477e-1
5.50754016e-1 5.36346431e-1
5.57621181e-1 4.47111667e-1
5.64564369e-1 4.81579591e-1
5.71586965e-1 6.24538027e-1
5.78711750e-1 5.50454108e-1
5.85927367e-1 4.60579389e-1
5.93237175e-1 3.46175724e-1
6.00610526e-1 5.20618046e-1
6.08083298e-1 6.45738578e-1
6.15663310e-1 5.64928407e-1
6.23337195e-1 5.01627333e-1
6.31098487e-1 5.42308035e-1
6.38960510e-1 5.32327300e-1
6.46923985e-1 4.81537810e-1
6.54978637e-1 5.24470166e-1
6.63133575e-1 5.71230233e-1
6.71385746e-1 6.85225831e-1
6.79754849e-1 5.99474075e-1
6.88233366e-1 4.69163094e-1
6.96803208e-1 5.01591725e-1
7.05469849e-1 6.62681811e-1
7.14255374e-1 6.92875050e-1
7.23153875e-1 6.72588285e-1
7.32160530e-1 6.90295905e-1
7.41289226e-1 5.79737581e-1
7.50528781e-1 5.16692323e-1
7.59872823e-1 5.69063498e-1
7.69327129e-1 7.05826962e-1
7.78919801e-1 5.86213853e-1
7.88628195e-1 5.24408118e-1
7.98450706e-1 5.34231947e-1
8.08387986e-1 6.26723165e-1
8.18451161e-1 7.05799127e-1
8.28645326e-1 7.16355815e-1
8.38977011e-1 6.01623716e-1
8.49438141e-1 4.99669430e-1
8.60010419e-1 5.81839395e-1
8.70723511e-1 5.77529467e-1
8.81573749e-1 5.38180553e-1
8.92554573e-1 5.42188279e-1
9.03672397e-1 5.44201173e-1
9.14920363e-1 6.26673734e-1
9.26312897e-1 6.69989527e-1
9.37858156e-1 6.01581009e-1
9.49535375e-1 6.52787363e-1
9.61361540e-1 6.69973673e-1
9.73338115e-1 6.55205694e-1
9.85470210e-1 5.81788915e-1
9.97736308e-1 6.69957820e-1
1.01016554e+0 6.60074470e-1
1.02275793e+0 5.75329763e-1
1.03549248e+0 6.21987544e-1
1.04838663e+0 6.62514571e-1
1.06145335e+0 5.95090224e-1
1.07467583e+0 5.90462829e-1
1.08805066e+0 6.95266382e-1
1.10161882e+0 5.66820030e-1
1.10365197e+0 4.88309033e-1
1.11533502e+0 6.15067543e-1
1.12921782e+0 7.05654399e-1
1.14328948e+0 6.55138513e-1
1.15752651e+0 6.92661945e-1
1.17194314e+0 7.10898056e-1
1.18653815e+0 7.40533013e-1
1.20132766e+0 6.57555181e-1
1.21628892e+0 6.82427511e-1
1.23144076e+0 6.72360206e-1
1.24677950e+0 6.77367142e-1
1.26231179e+0 6.62436191e-1
1.27803097e+0 7.00377601e-1
1.29394312e+0 7.64817048e-1
1.31005545e+0 8.15547321e-1
1.32640088e+0 6.01448164e-1
1.34292807e+0 5.68857064e-1
1.35963572e+0 7.13475386e-1
1.37656786e+0 7.45982892e-1
1.39371567e+0 7.40457084e-1
1.41108277e+0 6.91752013e-1
1.42866605e+0 6.47788371e-1
1.44644538e+0 7.71312090e-1
1.46445030e+0 8.78362594e-1
1.48271040e+0 7.29510699e-1
1.50120114e+0 5.88148914e-1
1.51989476e+0 6.24148989e-1
1.53880409e+0 7.82823962e-1
1.55796557e+0 8.33830655e-1
1.57737888e+0 7.82811613e-1
1.59703605e+0 7.21394435e-1
1.61692783e+0 7.32184383e-1
1.63706333e+0 7.71251255e-1
1.65746102e+0 7.32172833e-1
1.67810708e+0 7.32167058e-1
1.69898308e+0 9.32045521e-1
1.72014551e+0 9.38986283e-1
1.74159385e+0 7.79860782e-1
1.76328355e+0 8.09359379e-1
1.78524997e+0 7.94463783e-1
1.80748203e+0 8.33751736e-1
1.82998328e+0 9.32001413e-1
1.85280757e+0 7.34844682e-1
1.87589249e+0 7.02811456e-1
1.89924585e+0 7.82719002e-1
1.92290083e+0 8.00348436e-1
1.94684996e+0 8.21419671e-1
1.97108813e+0 9.04677562e-1
1.99563594e+0 9.38897412e-1
2.02050889e+0 8.43032361e-1
2.04569639e+0 7.32074664e-1
2.07117081e+0 7.74004657e-1
2.09695109e+0 8.87999696e-1
2.12305278e+0 1.01500758e+0
2.14947036e+0 1.23578502e+0
2.17627460e+0 1.00748105e+0
2.20341472e+0 8.12255235e-1
2.23084381e+0 9.14740459e-1
2.25860433e+0 1.10136990e+0
2.28675709e+0 9.74334789e-1
2.31525676e+0 8.84652356e-1
2.34410181e+0 8.55567422e-1
2.37329744e+0 8.74837645e-1
2.40283598e+0 1.01870352e+0
2.43274396e+0 1.17308592e+0
2.46305335e+0 1.13031281e+0
2.49373113e+0 1.15148716e+0
2.52479848e+0 1.12193126e+0
2.55624343e+0 1.15575298e+0
2.58809595e+0 1.08503669e+0
2.61919601e+0 7.56212014e-1
2.65299599e+0 9.59877925e-1
2.68601836e+0 1.10124829e+0
2.71946987e+0 1.14290352e+0
2.75333391e+0 1.21285963e+0
2.78764093e+0 1.14713755e+0
2.82240117e+0 9.45687780e-1
2.83930464e+0 8.05117410e-1
2.85754555e+0 1.01105388e+0
2.89306692e+0 1.48213131e+0
2.92910566e+0 1.47115254e+0
2.96563573e+0 1.17730175e+0
3.00253035e+0 1.48761031e+0
3.03629719e+0 9.97387479e+1
3.03987122e+0 2.00220131e+0
3.10813232e+0 1.00067032e+2
3.13540919e+0 2.13263410e+0
3.15790265e+0 1.13855872e+0
3.17451841e+0 1.65670138e+0
3.21413210e+0 1.19042996e+0
3.25415027e+0 1.29656485e+0
3.29469106e+0 1.26328516e+0
3.33573527e+0 1.24003544e+0
3.37730995e+0 1.11756547e+0
3.39986528e+0 9.90026660e-1
3.41934811e+0 1.28155229e+0
3.46187517e+0 1.70656351e+0
3.50499606e+0 1.71927196e+0
3.54860508e+0 2.13246590e+0
3.59633575e+0 4.54478598e+0
3.61585053e+0 9.97276474e+1
3.62613649e+0 4.59438831e+0
3.69292227e+0 9.97263073e+1
3.70545331e+0 6.82389720e+0
3.74775872e+0 6.37468926e+0
3.79838313e+0 5.79028160e+0
3.84569838e+0 5.76877346e+0
3.89361167e+0 5.55843218e+0
3.94205388e+0 6.94568968e+0
3.99111354e+0 8.20893502e+0
4.04079416e+0 9.33283790e+0
4.09106246e+0 1.18826236e+1
4.14206395e+0 1.02195143e+1
4.19366105e+0 1.01551213e+1
4.23272661e+0 1.22328780e+1
4.28544012e+0 1.27225613e+1
4.35223742e+0 1.42570180e+1
4.42006863e+0 1.63770124e+1
4.48891760e+0 2.14730612e+1
4.54478080e+0 2.55717206e+1
4.60139823e+0 2.51010940e+1
4.65871869e+0 2.48228076e+1
4.74612908e+0 1.84563718e+1
4.82010106e+0 2.10804262e+1
4.89531827e+0 1.81222505e+1
4.98699274e+0 2.28744686e+1
5.04906179e+0 2.66408548e+1
5.20772729e+0 2.98853821e+1
5.25629384e+0 3.07863670e+1
5.38804549e+0 3.19506236e+1
5.43071363e+0 4.40203657e+1
5.43077471e+0 3.71589409e+1
5.59752815e+0 4.84949910e+1
5.71144335e+0 7.31830736e+1
5.82788284e+0 6.48396333e+1
5.88686209e+0 8.46212990e+1
6.06778555e+0 7.31802517e+1
6.19139033e+0 8.25948235e+1
6.25416893e+0 8.06189497e+1
6.34652259e+0 9.83842531e+1
